Example : Let's take a Random board as below :

3 // signifies the size of each side of the board
7 3 4
0 1 8
6 5 2

_______________________________________

For the above Board , the solution is :
_______________________________________

Minimum number of moves = 23

3
 0  3  4 
 7  1  8 
 6  5  2 

3
 3  0  4 
 7  1  8 
 6  5  2 

3
 3  4  0 
 7  1  8 
 6  5  2 

3
 3  4  8 
 7  1  0 
 6  5  2 

3
 3  4  8 
 7  1  2 
 6  5  0 

3
 3  4  8 
 7  1  2 
 6  0  5 

3
 3  4  8 
 7  1  2 
 0  6  5 

3
 3  4  8 
 0  1  2 
 7  6  5 

3
 3  4  8 
 1  0  2 
 7  6  5 

3
 3  0  8 
 1  4  2 
 7  6  5 

3
 0  3  8 
 1  4  2 
 7  6  5 

3
 1  3  8 
 0  4  2 
 7  6  5 

3
 1  3  8 
 4  0  2 
 7  6  5 

3
 1  3  8 
 4  2  0 
 7  6  5 

3
 1  3  0 
 4  2  8 
 7  6  5 

3
 1  0  3 
 4  2  8 
 7  6  5 

3
 1  2  3 
 4  0  8 
 7  6  5 

3
 1  2  3 
 4  6  8 
 7  0  5 

3
 1  2  3 
 4  6  8 
 7  5  0 

3
 1  2  3 
 4  6  0 
 7  5  8 

3
 1  2  3 
 4  0  6 
 7  5  8 

3
 1  2  3 
 4  5  6 
 7  0  8 

3
 1  2  3 
 4  5  6 
 7  8  0 
